0,11aac11aacaacaac,[[0.0, 0.0], [0.9803921568627451, 0.9803921568627451], [0.9803921568627451, 0.9803921568627451], [0.9803921568627451, 0.9803921568627451]],-1.62
6,11aac11aacaacatc,[[0.0, 0.0], [0.9803921568627451, 0.7134139537919071], [0.9803921568627451, 0.7134139537919071], [0.9803921568627451, 0.7134139537919071]],-1.3800000000000001
8,11aac11aacatcatc,[[0.0, 0.0], [0.7134139537919071, 0.7134139537919071], [0.7134139537919071, 0.7134139537919071], [0.7134139537919071, 0.7134139537919071]],-1.14
40,10aac11aacatcatc,[[0.0, 0.0], [0.5545015476380499, 0.5545015476380499], [0.7134139537919071, 0.7134139537919071], [0.7134139537919071, 0.7134139537919071]],-1.02
218,10aac01aacatcatc,[[0.0, 0.0], [0.5545015476380499, 0.5545015476380499], [0.5545015476380499, 0.5545015476380499], [0.7134139537919071, 0.7134139537919071]],-0.9000000000000001
280,10aac01aacatcagc,[[0.0, 0.0], [0.5545015476380499, 0.5545015476380499], [0.5545015476380499, 0.5545015476380499], [0.7134139537919071, 0.7134139537919071]],-0.9000000000000001
389,10aac01aagatcagc,[[0.0, 0.0], [0.05835275401587575, 0.5545015476380499], [0.5545015476380499, 0.5545015476380499], [0.5664700127963987, 0.7134139537919071]],-0.7700000000000001
420,10aac01aagatcagt,[[0.0, 0.0], [0.05835275401587575, 0.5545015476380499], [0.5545015476380499, 0.05835275401587575], [0.5664700127963987, 0.5664700127963987]],-0.6400000000000001
542,10atc01aagatcagt,[[0.0, 0.0], [0.05835275401587575, 0.5545015476380499], [0.9615384615384616, 0.05835275401587575], [0.9616299133996917, 0.5664700127963987]],-0.32000000000000006
1084,10atc01cagatcagt,[[0.0, 0.0], [0.05835275401587575, 0.5545015476380499], [0.9615384615384616, 0.05835275401587575], [0.9616299133996917, 0.5664700127963987]],-0.32000000000000006
1129,10atc01cagatcagt,[[0.0, 0.0], [0.05835275401587575, 0.5545015476380499], [0.9615384615384616, 0.05835275401587575], [0.9616299133996917, 0.5664700127963987]],-0.32000000000000006
3229,10atc01cagatcagt,[[0.0, 0.0], [0.05835275401587575, 0.5545015476380499], [0.9615384615384616, 0.05835275401587575], [0.9616299133996917, 0.5664700127963987]],-0.32000000000000006