0,11aag11aagaagaag,[[0.0, 0.0], [0.9803921568627451, 0.9803921568627451], [0.9803921568627451, 0.9803921568627451], [0.9803921568627451, 0.9803921568627451]],-1.62
4,11aag11aagaacaag,[[0.0, 0.0], [0.7134139537919071, 0.9803921568627451], [0.7134139537919071, 0.9803921568627451], [0.7134139537919071, 0.9803921568627451]],-1.3800000000000001
10,11aag11aagaacaaa,[[0.0, 0.0], [0.7134139537919071, 0.7134139537919071], [0.7134139537919071, 0.7134139537919071], [0.7134139537919071, 0.7134139537919071]],-1.14
12,11aag10aagaacaaa,[[0.0, 0.0], [0.5545015476380499, 0.5545015476380499], [0.7134139537919071, 0.7134139537919071], [0.7134139537919071, 0.7134139537919071]],-1.02
28,01aag10aagaacaaa,[[0.0, 0.0], [0.5545015476380499, 0.5545015476380499], [0.5545015476380499, 0.5545015476380499], [0.7134139537919071, 0.7134139537919071]],-0.9000000000000001
228,01aag10acgaacaaa,[[0.0, 0.0], [0.5545015476380499, 0.5545015476380499], [0.5545015476380499, 0.05835275401587575], [0.7134139537919071, 0.5664700127963987]],-0.7700000000000001
373,01aag10acgcacaaa,[[0.0, 0.0], [0.05835275401587575, 0.5545015476380499], [0.5545015476380499, 0.05835275401587575], [0.5664700127963987, 0.5664700127963987]],-0.6400000000000001
445,01aaa10acgcacaaa,[[0.0, 0.0], [0.05835275401587575, 0.9615384615384616], [0.5545015476380499, 0.05835275401587575], [0.5664700127963987, 0.9616299133996917]],-0.32000000000000006
1051,01aaa10acgcgcaaa,[[0.0, 0.0], [0.0030757556421366246, 0.9615384615384616], [0.5545015476380499, 0.05835275401587575], [0.5551130322819392, 0.9616299133996917]],-0.32000000000000006
2707,01aaa10acgcgcaaa,[[0.0, 0.0], [0.0030757556421366246, 0.9615384615384616], [0.5545015476380499, 0.05835275401587575], [0.5551130322819392, 0.9616299133996917]],-0.32000000000000006
4831,01aaa10acgcgcaaa,[[0.0, 0.0], [0.0030757556421366246, 0.9615384615384616], [0.5545015476380499, 0.05835275401587575], [0.5551130322819392, 0.9616299133996917]],-0.32000000000000006