0,11aat11aataataat,[[0.0, 0.0], [0.9803921568627451, 0.9803921568627451], [0.9803921568627451, 0.9803921568627451], [0.9803921568627451, 0.9803921568627451]],-1.62
5,11aat11aataacaat,[[0.0, 0.0], [0.7134139537919071, 0.9803921568627451], [0.7134139537919071, 0.9803921568627451], [0.7134139537919071, 0.9803921568627451]],-1.3800000000000001
13,10aat11aataacaat,[[0.0, 0.0], [0.5545015476380499, 0.9615384615384616], [0.7134139537919071, 0.9803921568627451], [0.7134139537919071, 0.9803921568627451]],-1.1400000000000001
110,10aat11aataacaag,[[0.0, 0.0], [0.5545015476380499, 0.5545015476380499], [0.7134139537919071, 0.7134139537919071], [0.7134139537919071, 0.7134139537919071]],-1.02
148,10aat01aataacaag,[[0.0, 0.0], [0.5545015476380499, 0.5545015476380499], [0.5545015476380499, 0.5545015476380499], [0.7134139537919071, 0.7134139537919071]],-0.9000000000000001
221,10aac01aataacaag,[[0.0, 0.0], [0.5545015476380499, 0.5545015476380499], [0.9615384615384616, 0.5545015476380499], [0.963295582081088, 0.7134139537919071]],-0.7000000000000001
232,10aac01aataacaag,[[0.0, 0.0], [0.5545015476380499, 0.5545015476380499], [0.9615384615384616, 0.5545015476380499], [0.963295582081088, 0.7134139537919071]],-0.7000000000000001
234,10aac01aagaacaag,[[0.0, 0.0], [0.5545015476380499, 0.9615384615384616], [0.9615384615384616, 0.5545015476380499], [0.963295582081088, 0.963295582081088]],-0.5
329,10acc01aagaacaag,[[0.0, 0.0], [0.5545015476380499, 0.9615384615384616], [0.5545015476380499, 0.05835275401587575], [0.7134139537919071, 0.9616299133996917]],-0.45000000000000007
352,10acc01aagcacaag,[[0.0, 0.0], [0.05835275401587575, 0.9615384615384616], [0.5545015476380499, 0.05835275401587575], [0.5664700127963987, 0.9616299133996917]],-0.32000000000000006
420,10acc01aagcacaag,[[0.0, 0.0], [0.05835275401587575, 0.9615384615384616], [0.5545015476380499, 0.05835275401587575], [0.5664700127963987, 0.9616299133996917]],-0.32000000000000006
601,10acc01aagcacaag,[[0.0, 0.0], [0.05835275401587575, 0.9615384615384616], [0.5545015476380499, 0.05835275401587575], [0.5664700127963987, 0.9616299133996917]],-0.32000000000000006
838,10ccc01aagcacaag,[[0.0, 0.0], [0.05835275401587575, 0.9615384615384616], [0.5545015476380499, 0.0030757556421366246], [0.5664700127963987, 0.9615430249689946]],-0.32000000000000006
911,10ccc01aagcccaag,[[0.0, 0.0], [0.0030757556421366246, 0.9615384615384616], [0.9615384615384616, 0.0030757556421366246], [0.9615430249689946, 0.9615430249689946]],-0.0
3110,10ccc01aagcccaag,[[0.0, 0.0], [0.0030757556421366246, 0.9615384615384616], [0.9615384615384616, 0.0030757556421366246], [0.9615430249689946, 0.9615430249689946]],-0.0
3593,10ccc01aagcccaag,[[0.0, 0.0], [0.0030757556421366246, 0.9615384615384616], [0.9615384615384616, 0.0030757556421366246], [0.9615430249689946, 0.9615430249689946]],-0.0
3607,10ccc01aagcccaag,[[0.0, 0.0], [0.0030757556421366246, 0.9615384615384616], [0.9615384615384616, 0.0030757556421366246], [0.9615430249689946, 0.9615430249689946]],-0.0