0,11acg11acgacgacg,[[0.0, 0.0], [0.9803921568627451, 0.9803921568627451], [0.9803921568627451, 0.9803921568627451], [0.9803921568627451, 0.9803921568627451]],-1.62
10,11acg11acgacgatg,[[0.0, 0.0], [0.9803921568627451, 0.7134139537919071], [0.9803921568627451, 0.7134139537919071], [0.9803921568627451, 0.7134139537919071]],-1.3800000000000001
16,11acg01acgacgatg,[[0.0, 0.0], [0.9803921568627451, 0.7134139537919071], [0.9615384615384616, 0.5545015476380499], [0.9803921568627451, 0.7134139537919071]],-1.1400000000000001
39,11acg01acgaccatg,[[0.0, 0.0], [0.7134139537919071, 0.7134139537919071], [0.5545015476380499, 0.5545015476380499], [0.7134139537919071, 0.7134139537919071]],-1.02
84,11acg01aggaccatg,[[0.0, 0.0], [0.5664700127963987, 0.7134139537919071], [0.5545015476380499, 0.5545015476380499], [0.5664700127963987, 0.7134139537919071]],-0.9000000000000001
128,11act01aggaccatg,[[0.0, 0.0], [0.5664700127963987, 0.5664700127963987], [0.5545015476380499, 0.05835275401587575], [0.5664700127963987, 0.5664700127963987]],-0.8900000000000001
134,10act01aggaccatg,[[0.0, 0.0], [0.05835275401587575, 0.5545015476380499], [0.5545015476380499, 0.05835275401587575], [0.5664700127963987, 0.5664700127963987]],-0.6400000000000001
204,10acc01aggaccatg,[[0.0, 0.0], [0.05835275401587575, 0.5545015476380499], [0.9615384615384616, 0.05835275401587575], [0.9616299133996917, 0.5664700127963987]],-0.32000000000000006
268,10acc01aggaccagg,[[0.0, 0.0], [0.05835275401587575, 0.9615384615384616], [0.9615384615384616, 0.05835275401587575], [0.9616299133996917, 0.9616299133996917]],-0.0
552,10acc01aggaccagg,[[0.0, 0.0], [0.05835275401587575, 0.9615384615384616], [0.9615384615384616, 0.05835275401587575], [0.9616299133996917, 0.9616299133996917]],-0.0
1095,10acc01aggaccagg,[[0.0, 0.0], [0.05835275401587575, 0.9615384615384616], [0.9615384615384616, 0.05835275401587575], [0.9616299133996917, 0.9616299133996917]],-0.0
1118,10acc01aggaccagg,[[0.0, 0.0], [0.05835275401587575, 0.9615384615384616], [0.9615384615384616, 0.05835275401587575], [0.9616299133996917, 0.9616299133996917]],-0.0
1564,10acc01aggaccagg,[[0.0, 0.0], [0.05835275401587575, 0.9615384615384616], [0.9615384615384616, 0.05835275401587575], [0.9616299133996917, 0.9616299133996917]],-0.0
2779,10acc01aggaccagg,[[0.0, 0.0], [0.05835275401587575, 0.9615384615384616], [0.9615384615384616, 0.05835275401587575], [0.9616299133996917, 0.9616299133996917]],-0.0
3460,10acc01aggaccagg,[[0.0, 0.0], [0.05835275401587575, 0.9615384615384616], [0.9615384615384616, 0.05835275401587575], [0.9616299133996917, 0.9616299133996917]],-0.0
4021,10acc01aggaccagg,[[0.0, 0.0], [0.05835275401587575, 0.9615384615384616], [0.9615384615384616, 0.05835275401587575], [0.9616299133996917, 0.9616299133996917]],-0.0
4504,10acc01aggaccagg,[[0.0, 0.0], [0.05835275401587575, 0.9615384615384616], [0.9615384615384616, 0.05835275401587575], [0.9616299133996917, 0.9616299133996917]],-0.0