0,11ata11ataataata,[[0.0, 0.0], [0.9803921568627451, 0.9803921568627451], [0.9803921568627451, 0.9803921568627451], [0.9803921568627451, 0.9803921568627451]],-1.62
3,11ata11ataatgata,[[0.0, 0.0], [0.7134139537919071, 0.9803921568627451], [0.7134139537919071, 0.9803921568627451], [0.7134139537919071, 0.9803921568627451]],-1.3800000000000001
12,11ata11ataatgatg,[[0.0, 0.0], [0.7134139537919071, 0.7134139537919071], [0.7134139537919071, 0.7134139537919071], [0.7134139537919071, 0.7134139537919071]],-1.14
15,10ata11ataatgatg,[[0.0, 0.0], [0.5545015476380499, 0.5545015476380499], [0.7134139537919071, 0.7134139537919071], [0.7134139537919071, 0.7134139537919071]],-1.02
26,10ata01ataatgatg,[[0.0, 0.0], [0.5545015476380499, 0.5545015476380499], [0.5545015476380499, 0.5545015476380499], [0.7134139537919071, 0.7134139537919071]],-0.9000000000000001
189,10ata01ataatgatg,[[0.0, 0.0], [0.5545015476380499, 0.5545015476380499], [0.5545015476380499, 0.5545015476380499], [0.7134139537919071, 0.7134139537919071]],-0.9000000000000001
410,10ata01ataatgatg,[[0.0, 0.0], [0.5545015476380499, 0.5545015476380499], [0.5545015476380499, 0.5545015476380499], [0.7134139537919071, 0.7134139537919071]],-0.9000000000000001
1199,10ata01ataatgatg,[[0.0, 0.0], [0.5545015476380499, 0.5545015476380499], [0.5545015476380499, 0.5545015476380499], [0.7134139537919071, 0.7134139537919071]],-0.9000000000000001
1673,10ata01ataatgatg,[[0.0, 0.0], [0.5545015476380499, 0.5545015476380499], [0.5545015476380499, 0.5545015476380499], [0.7134139537919071, 0.7134139537919071]],-0.9000000000000001
2755,10ata01ataattatg,[[0.0, 0.0], [0.5545015476380499, 0.5545015476380499], [0.5545015476380499, 0.5545015476380499], [0.7134139537919071, 0.7134139537919071]],-0.9000000000000001
2815,10ata01atgattatg,[[0.0, 0.0], [0.5545015476380499, 0.9615384615384616], [0.5545015476380499, 0.5545015476380499], [0.7134139537919071, 0.963295582081088]],-0.7000000000000001
2875,10tta01atgattatg,[[0.0, 0.0], [0.5545015476380499, 0.9615384615384616], [0.5545015476380499, 0.05835275401587575], [0.7134139537919071, 0.9616299133996917]],-0.45000000000000007
2890,10tta01atgcttatg,[[0.0, 0.0], [0.05835275401587575, 0.9615384615384616], [0.5545015476380499, 0.05835275401587575], [0.5664700127963987, 0.9616299133996917]],-0.32000000000000006
3072,10tta01atggttatg,[[0.0, 0.0], [0.05835275401587575, 0.9615384615384616], [0.5545015476380499, 0.05835275401587575], [0.5664700127963987, 0.9616299133996917]],-0.32000000000000006
4325,10tta01atggttatg,[[0.0, 0.0], [0.05835275401587575, 0.9615384615384616], [0.5545015476380499, 0.05835275401587575], [0.5664700127963987, 0.9616299133996917]],-0.32000000000000006
4874,10ttc01atggttatg,[[0.0, 0.0], [0.05835275401587575, 0.9615384615384616], [0.5545015476380499, 0.05835275401587575], [0.5664700127963987, 0.9616299133996917]],-0.32000000000000006