0,11att11attattatt,[[0.0, 0.0], [0.9803921568627451, 0.9803921568627451], [0.9803921568627451, 0.9803921568627451], [0.9803921568627451, 0.9803921568627451]],-1.62
6,11att11attaatatt,[[0.0, 0.0], [0.7134139537919071, 0.9803921568627451], [0.7134139537919071, 0.9803921568627451], [0.7134139537919071, 0.9803921568627451]],-1.3800000000000001
8,10att11attaatatt,[[0.0, 0.0], [0.5545015476380499, 0.9615384615384616], [0.7134139537919071, 0.9803921568627451], [0.7134139537919071, 0.9803921568627451]],-1.1400000000000001
45,10att11attaatttt,[[0.0, 0.0], [0.5545015476380499, 0.5545015476380499], [0.7134139537919071, 0.7134139537919071], [0.7134139537919071, 0.7134139537919071]],-1.02
54,10atg11attaatttt,[[0.0, 0.0], [0.5545015476380499, 0.5545015476380499], [0.7134139537919071, 0.5664700127963987], [0.7134139537919071, 0.5664700127963987]],-0.9000000000000001
61,10atg01attaatttt,[[0.0, 0.0], [0.5545015476380499, 0.5545015476380499], [0.5545015476380499, 0.05835275401587575], [0.7134139537919071, 0.5664700127963987]],-0.7700000000000001
73,10atg01tttaatttt,[[0.0, 0.0], [0.05835275401587575, 0.9615384615384616], [0.5545015476380499, 0.05835275401587575], [0.5664700127963987, 0.9616299133996917]],-0.32000000000000006
2144,10atg01tttaatttt,[[0.0, 0.0], [0.05835275401587575, 0.9615384615384616], [0.5545015476380499, 0.05835275401587575], [0.5664700127963987, 0.9616299133996917]],-0.32000000000000006
2584,10atg01tttaatttt,[[0.0, 0.0], [0.05835275401587575, 0.9615384615384616], [0.5545015476380499, 0.05835275401587575], [0.5664700127963987, 0.9616299133996917]],-0.32000000000000006
3147,10atg01tttaatttt,[[0.0, 0.0], [0.05835275401587575, 0.9615384615384616], [0.5545015476380499, 0.05835275401587575], [0.5664700127963987, 0.9616299133996917]],-0.32000000000000006
4151,10atg01tttaatttt,[[0.0, 0.0], [0.05835275401587575, 0.9615384615384616], [0.5545015476380499, 0.05835275401587575], [0.5664700127963987, 0.9616299133996917]],-0.32000000000000006
4810,10atg01tttaatttt,[[0.0, 0.0], [0.05835275401587575, 0.9615384615384616], [0.5545015476380499, 0.05835275401587575], [0.5664700127963987, 0.9616299133996917]],-0.32000000000000006
4879,10ata01tttaatttt,[[0.0, 0.0], [0.05835275401587575, 0.9615384615384616], [0.5545015476380499, 0.05835275401587575], [0.5664700127963987, 0.9616299133996917]],-0.32000000000000006