0,11atc11atcatcatc,[[0.0, 0.0], [0.9803921568627451, 0.9803921568627451], [0.9803921568627451, 0.9803921568627451], [0.9803921568627451, 0.9803921568627451]],-1.62
8,11atc11atcttcatc,[[0.0, 0.0], [0.7134139537919071, 0.9803921568627451], [0.7134139537919071, 0.9803921568627451], [0.7134139537919071, 0.9803921568627451]],-1.3800000000000001
9,11atc11atcttcacc,[[0.0, 0.0], [0.7134139537919071, 0.7134139537919071], [0.7134139537919071, 0.7134139537919071], [0.7134139537919071, 0.7134139537919071]],-1.14
29,11atc10atcttcacc,[[0.0, 0.0], [0.5545015476380499, 0.5545015476380499], [0.7134139537919071, 0.7134139537919071], [0.7134139537919071, 0.7134139537919071]],-1.02
110,11atc10attttcacc,[[0.0, 0.0], [0.5545015476380499, 0.5545015476380499], [0.7134139537919071, 0.5664700127963987], [0.7134139537919071, 0.5664700127963987]],-0.9000000000000001
224,01atc10attttcacc,[[0.0, 0.0], [0.5545015476380499, 0.5545015476380499], [0.5545015476380499, 0.05835275401587575], [0.7134139537919071, 0.5664700127963987]],-0.7700000000000001
235,01acc10attttcacc,[[0.0, 0.0], [0.05835275401587575, 0.9615384615384616], [0.5545015476380499, 0.05835275401587575], [0.5664700127963987, 0.9616299133996917]],-0.32000000000000006
863,01acc10attttaacc,[[0.0, 0.0], [0.05835275401587575, 0.9615384615384616], [0.5545015476380499, 0.05835275401587575], [0.5664700127963987, 0.9616299133996917]],-0.32000000000000006
1032,01acc10attttaacc,[[0.0, 0.0], [0.05835275401587575, 0.9615384615384616], [0.5545015476380499, 0.05835275401587575], [0.5664700127963987, 0.9616299133996917]],-0.32000000000000006
1562,01acc10attttaacc,[[0.0, 0.0], [0.05835275401587575, 0.9615384615384616], [0.5545015476380499, 0.05835275401587575], [0.5664700127963987, 0.9616299133996917]],-0.32000000000000006
1780,01acc10atttttacc,[[0.0, 0.0], [0.0030757556421366246, 0.9615384615384616], [0.5545015476380499, 0.05835275401587575], [0.5551130322819392, 0.9616299133996917]],-0.32000000000000006
1890,01acc10ttttttacc,[[0.0, 0.0], [0.0030757556421366246, 0.9615384615384616], [0.9615384615384616, 0.0030757556421366246], [0.9615430249689946, 0.9615430249689946]],-0.0
2121,01acc10ttttttacc,[[0.0, 0.0], [0.0030757556421366246, 0.9615384615384616], [0.9615384615384616, 0.0030757556421366246], [0.9615430249689946, 0.9615430249689946]],-0.0
3788,01acc10ttttttacc,[[0.0, 0.0], [0.0030757556421366246, 0.9615384615384616], [0.9615384615384616, 0.0030757556421366246], [0.9615430249689946, 0.9615430249689946]],-0.0
4041,01acc10ttttttacc,[[0.0, 0.0], [0.0030757556421366246, 0.9615384615384616], [0.9615384615384616, 0.0030757556421366246], [0.9615430249689946, 0.9615430249689946]],-0.0
4711,01acc10ttttttacc,[[0.0, 0.0], [0.0030757556421366246, 0.9615384615384616], [0.9615384615384616, 0.0030757556421366246], [0.9615430249689946, 0.9615430249689946]],-0.0