0,11ata11ataataata,[[0.0, 0.0], [0.9803921568627451, 0.9803921568627451], [0.9803921568627451, 0.9803921568627451], [0.9803921568627451, 0.9803921568627451]],-1.62
6,01ata11ataataata,[[0.0, 0.0], [0.9803921568627451, 0.9803921568627451], [0.9615384615384616, 0.9615384615384616], [0.9803921568627451, 0.9803921568627451]],-1.62
9,01ata11ataagaata,[[0.0, 0.0], [0.7134139537919071, 0.9803921568627451], [0.5545015476380499, 0.9615384615384616], [0.7134139537919071, 0.9803921568627451]],-1.5
10,00ata11ataagaata,[[0.0, 0.0], [0.5545015476380499, 0.9615384615384616], [0.5545015476380499, 0.9615384615384616], [0.5545015476380499, 0.9615384615384616]],-1.3800000000000003
24,00ata01ataagaata,[[0.0, 0.0], [0.5545015476380499, 0.9615384615384616], [0.0, 0.0], [0.5545015476380499, 0.9615384615384616]],-1.2200000000000002
897,00aaa01ataagaata,[[0.0, 0.0], [0.5545015476380499, 0.9615384615384616], [0.0, 0.0], [0.5545015476380499, 0.9615384615384616]],-1.2200000000000002
923,10aaa01ataagaata,[[0.0, 0.0], [0.5545015476380499, 0.9615384615384616], [0.5545015476380499, 0.5545015476380499], [0.7134139537919071, 0.963295582081088]],-0.7000000000000001
925,10aag01ataagaata,[[0.0, 0.0], [0.5545015476380499, 0.9615384615384616], [0.5545015476380499, 0.05835275401587575], [0.7134139537919071, 0.9616299133996917]],-0.45000000000000007
926,10aag01ataagcata,[[0.0, 0.0], [0.05835275401587575, 0.9615384615384616], [0.5545015476380499, 0.05835275401587575], [0.5664700127963987, 0.9616299133996917]],-0.32000000000000006
936,10aag01ataagcata,[[0.0, 0.0], [0.05835275401587575, 0.9615384615384616], [0.5545015476380499, 0.05835275401587575], [0.5664700127963987, 0.9616299133996917]],-0.32000000000000006
4360,10aag01ataagcata,[[0.0, 0.0], [0.05835275401587575, 0.9615384615384616], [0.5545015476380499, 0.05835275401587575], [0.5664700127963987, 0.9616299133996917]],-0.32000000000000006
4747,10aag01ataagcata,[[0.0, 0.0], [0.05835275401587575, 0.9615384615384616], [0.5545015476380499, 0.05835275401587575], [0.5664700127963987, 0.9616299133996917]],-0.32000000000000006
4997,10cag01ataagcata,[[0.0, 0.0], [0.05835275401587575, 0.9615384615384616], [0.5545015476380499, 0.05835275401587575], [0.5664700127963987, 0.9616299133996917]],-0.32000000000000006