0,11cat11catcatcat,[[0.0, 0.0], [0.9803921568627451, 0.9803921568627451], [0.9803921568627451, 0.9803921568627451], [0.9803921568627451, 0.9803921568627451]],-1.62
33,11cat11catcatcac,[[0.0, 0.0], [0.9803921568627451, 0.7134139537919071], [0.9803921568627451, 0.7134139537919071], [0.9803921568627451, 0.7134139537919071]],-1.3800000000000001
34,11cat11catgatcac,[[0.0, 0.0], [0.7134139537919071, 0.7134139537919071], [0.7134139537919071, 0.7134139537919071], [0.7134139537919071, 0.7134139537919071]],-1.14
42,11ctt11catgatcac,[[0.0, 0.0], [0.5664700127963987, 0.5664700127963987], [0.5664700127963987, 0.5664700127963987], [0.5664700127963987, 0.5664700127963987]],-1.1400000000000001
132,11ctt11catgatcac,[[0.0, 0.0], [0.5664700127963987, 0.5664700127963987], [0.5664700127963987, 0.5664700127963987], [0.5664700127963987, 0.5664700127963987]],-1.1400000000000001
259,11att11catgatcac,[[0.0, 0.0], [0.7134139537919071, 0.5664700127963987], [0.7134139537919071, 0.5664700127963987], [0.7134139537919071, 0.5664700127963987]],-1.1400000000000001
282,10att11catgatcac,[[0.0, 0.0], [0.5545015476380499, 0.5545015476380499], [0.7134139537919071, 0.5664700127963987], [0.7134139537919071, 0.5664700127963987]],-0.9000000000000001
291,10att01catgatcac,[[0.0, 0.0], [0.5545015476380499, 0.5545015476380499], [0.5545015476380499, 0.05835275401587575], [0.7134139537919071, 0.5664700127963987]],-0.7700000000000001
400,10att01catgttcac,[[0.0, 0.0], [0.05835275401587575, 0.5545015476380499], [0.5545015476380499, 0.05835275401587575], [0.5664700127963987, 0.5664700127963987]],-0.6400000000000001
452,10att01catgttcat,[[0.0, 0.0], [0.05835275401587575, 0.9615384615384616], [0.5545015476380499, 0.5545015476380499], [0.5664700127963987, 0.963295582081088]],-0.5700000000000001
471,10gtt01catgttcat,[[0.0, 0.0], [0.05835275401587575, 0.9615384615384616], [0.9615384615384616, 0.05835275401587575], [0.9616299133996917, 0.9616299133996917]],-0.0
1018,10gtt01catgttcat,[[0.0, 0.0], [0.05835275401587575, 0.9615384615384616], [0.9615384615384616, 0.05835275401587575], [0.9616299133996917, 0.9616299133996917]],-0.0
1021,10gtt01catgttcat,[[0.0, 0.0], [0.05835275401587575, 0.9615384615384616], [0.9615384615384616, 0.05835275401587575], [0.9616299133996917, 0.9616299133996917]],-0.0
1100,10gtt01catgttcat,[[0.0, 0.0], [0.05835275401587575, 0.9615384615384616], [0.9615384615384616, 0.05835275401587575], [0.9616299133996917, 0.9616299133996917]],-0.0
2442,10gtt01catgttcat,[[0.0, 0.0], [0.05835275401587575, 0.9615384615384616], [0.9615384615384616, 0.05835275401587575], [0.9616299133996917, 0.9616299133996917]],-0.0
2943,10gtt01catgttcat,[[0.0, 0.0], [0.05835275401587575, 0.9615384615384616], [0.9615384615384616, 0.05835275401587575], [0.9616299133996917, 0.9616299133996917]],-0.0
3818,10gtt01catgttcat,[[0.0, 0.0], [0.05835275401587575, 0.9615384615384616], [0.9615384615384616, 0.05835275401587575], [0.9616299133996917, 0.9616299133996917]],-0.0