0,11cat11catcatcat,[[0.0, 0.0], [0.9803921568627451, 0.9803921568627451], [0.9803921568627451, 0.9803921568627451], [0.9803921568627451, 0.9803921568627451]],-1.62
2,11cat11catcattat,[[0.0, 0.0], [0.9803921568627451, 0.7134139537919071], [0.9803921568627451, 0.7134139537919071], [0.9803921568627451, 0.7134139537919071]],-1.3800000000000001
3,11cat11catcactat,[[0.0, 0.0], [0.7134139537919071, 0.7134139537919071], [0.7134139537919071, 0.7134139537919071], [0.7134139537919071, 0.7134139537919071]],-1.14
7,11cgt11catcactat,[[0.0, 0.0], [0.5664700127963987, 0.5664700127963987], [0.5664700127963987, 0.5664700127963987], [0.5664700127963987, 0.5664700127963987]],-1.1400000000000001
371,11cgt11catcactat,[[0.0, 0.0], [0.5664700127963987, 0.5664700127963987], [0.5664700127963987, 0.5664700127963987], [0.5664700127963987, 0.5664700127963987]],-1.1400000000000001
514,10cgt11catcactat,[[0.0, 0.0], [0.5545015476380499, 0.5545015476380499], [0.5664700127963987, 0.5664700127963987], [0.5664700127963987, 0.5664700127963987]],-1.1400000000000001
643,10cgc11catcactat,[[0.0, 0.0], [0.5545015476380499, 0.5545015476380499], [0.7134139537919071, 0.5551130322819392], [0.7134139537919071, 0.5551130322819392]],-0.9000000000000001
651,10cgc01catcactat,[[0.0, 0.0], [0.5545015476380499, 0.5545015476380499], [0.5545015476380499, 0.0030757556421366246], [0.7134139537919071, 0.5551130322819392]],-0.7700000000000001
653,10cgc01gatcactat,[[0.0, 0.0], [0.05835275401587575, 0.5545015476380499], [0.5545015476380499, 0.0030757556421366246], [0.5664700127963987, 0.5551130322819392]],-0.6400000000000001
659,10cgc01gatcgctat,[[0.0, 0.0], [0.05835275401587575, 0.5545015476380499], [0.9615384615384616, 0.0030757556421366246], [0.9616299133996917, 0.5551130322819392]],-0.32000000000000006
780,10cgc01tatcgctat,[[0.0, 0.0], [0.0030757556421366246, 0.9615384615384616], [0.9615384615384616, 0.0030757556421366246], [0.9615430249689946, 0.9615430249689946]],-0.0
2975,10cgc01tatcgctat,[[0.0, 0.0], [0.0030757556421366246, 0.9615384615384616], [0.9615384615384616, 0.0030757556421366246], [0.9615430249689946, 0.9615430249689946]],-0.0
4003,10cgc01tatcgctat,[[0.0, 0.0], [0.0030757556421366246, 0.9615384615384616], [0.9615384615384616, 0.0030757556421366246], [0.9615430249689946, 0.9615430249689946]],-0.0