0,11ccc11ccccccccc,[[0.0, 0.0], [0.9803921568627451, 0.9803921568627451], [0.9803921568627451, 0.9803921568627451], [0.9803921568627451, 0.9803921568627451]],-1.62
38,11ccc11ccctccccc,[[0.0, 0.0], [0.7134139537919071, 0.9803921568627451], [0.7134139537919071, 0.9803921568627451], [0.7134139537919071, 0.9803921568627451]],-1.3800000000000001
58,11ccc11ccctccccg,[[0.0, 0.0], [0.7134139537919071, 0.7134139537919071], [0.7134139537919071, 0.7134139537919071], [0.7134139537919071, 0.7134139537919071]],-1.14
106,11ccc01ccctccccg,[[0.0, 0.0], [0.7134139537919071, 0.7134139537919071], [0.5545015476380499, 0.5545015476380499], [0.7134139537919071, 0.7134139537919071]],-1.02
131,11ccc01cgctccccg,[[0.0, 0.0], [0.5664700127963987, 0.7134139537919071], [0.5545015476380499, 0.5545015476380499], [0.5664700127963987, 0.7134139537919071]],-0.9000000000000001
185,10ccc01cgctccccg,[[0.0, 0.0], [0.05835275401587575, 0.5545015476380499], [0.5545015476380499, 0.5545015476380499], [0.5664700127963987, 0.7134139537919071]],-0.7700000000000001
302,10ccc01cgctcccgg,[[0.0, 0.0], [0.05835275401587575, 0.5545015476380499], [0.5545015476380499, 0.05835275401587575], [0.5664700127963987, 0.5664700127963987]],-0.6400000000000001
321,10tcc01cgctcccgg,[[0.0, 0.0], [0.05835275401587575, 0.5545015476380499], [0.9615384615384616, 0.05835275401587575], [0.9616299133996917, 0.5664700127963987]],-0.32000000000000006
333,10tcc01cggtcccgg,[[0.0, 0.0], [0.05835275401587575, 0.9615384615384616], [0.9615384615384616, 0.05835275401587575], [0.9616299133996917, 0.9616299133996917]],-0.0
2248,10tcc01cggtcccgg,[[0.0, 0.0], [0.05835275401587575, 0.9615384615384616], [0.9615384615384616, 0.05835275401587575], [0.9616299133996917, 0.9616299133996917]],-0.0
4256,10tcc01cggtcccgg,[[0.0, 0.0], [0.05835275401587575, 0.9615384615384616], [0.9615384615384616, 0.05835275401587575], [0.9616299133996917, 0.9616299133996917]],-0.0
4319,10tcc01cggtcccgg,[[0.0, 0.0], [0.05835275401587575, 0.9615384615384616], [0.9615384615384616, 0.05835275401587575], [0.9616299133996917, 0.9616299133996917]],-0.0
4371,10tcc01cggtcccgg,[[0.0, 0.0], [0.05835275401587575, 0.9615384615384616], [0.9615384615384616, 0.05835275401587575], [0.9616299133996917, 0.9616299133996917]],-0.0
4603,10tcc01cggtcccgg,[[0.0, 0.0], [0.05835275401587575, 0.9615384615384616], [0.9615384615384616, 0.05835275401587575], [0.9616299133996917, 0.9616299133996917]],-0.0