0,11cgt11cgtcgtcgt,[[0.0, 0.0], [0.9803921568627451, 0.9803921568627451], [0.9803921568627451, 0.9803921568627451], [0.9803921568627451, 0.9803921568627451]],-1.62
15,11cgt11cgtcgtggt,[[0.0, 0.0], [0.9803921568627451, 0.7134139537919071], [0.9803921568627451, 0.7134139537919071], [0.9803921568627451, 0.7134139537919071]],-1.3800000000000001
24,11cgt01cgtcgtggt,[[0.0, 0.0], [0.9803921568627451, 0.7134139537919071], [0.9615384615384616, 0.5545015476380499], [0.9803921568627451, 0.7134139537919071]],-1.1400000000000001
109,11cgt01ggtcgtggt,[[0.0, 0.0], [0.963295582081088, 0.963295582081088], [0.9615384615384616, 0.5545015476380499], [0.963295582081088, 0.963295582081088]],-1.06
111,10cgt01ggtcgtggt,[[0.0, 0.0], [0.5545015476380499, 0.9615384615384616], [0.9615384615384616, 0.5545015476380499], [0.963295582081088, 0.963295582081088]],-0.5
223,10ctt01ggtcgtggt,[[0.0, 0.0], [0.5545015476380499, 0.9615384615384616], [0.5545015476380499, 0.05835275401587575], [0.7134139537919071, 0.9616299133996917]],-0.45000000000000007
224,10ctt01ggtcttggt,[[0.0, 0.0], [0.05835275401587575, 0.9615384615384616], [0.9615384615384616, 0.05835275401587575], [0.9616299133996917, 0.9616299133996917]],-0.0
1131,10ctt01ggtcttggt,[[0.0, 0.0], [0.05835275401587575, 0.9615384615384616], [0.9615384615384616, 0.05835275401587575], [0.9616299133996917, 0.9616299133996917]],-0.0
1891,10ctt01ggtcttggt,[[0.0, 0.0], [0.05835275401587575, 0.9615384615384616], [0.9615384615384616, 0.05835275401587575], [0.9616299133996917, 0.9616299133996917]],-0.0
4370,10ctt01ggtcttggt,[[0.0, 0.0], [0.05835275401587575, 0.9615384615384616], [0.9615384615384616, 0.05835275401587575], [0.9616299133996917, 0.9616299133996917]],-0.0
4926,10ctt01ggtcttggt,[[0.0, 0.0], [0.05835275401587575, 0.9615384615384616], [0.9615384615384616, 0.05835275401587575], [0.9616299133996917, 0.9616299133996917]],-0.0