0,11cta11ctactacta,[[0.0, 0.0], [0.9803921568627451, 0.9803921568627451], [0.9803921568627451, 0.9803921568627451], [0.9803921568627451, 0.9803921568627451]],-1.62
6,01cta11ctactacta,[[0.0, 0.0], [0.9803921568627451, 0.9803921568627451], [0.9615384615384616, 0.9615384615384616], [0.9803921568627451, 0.9803921568627451]],-1.62
9,01cta11ctacgacta,[[0.0, 0.0], [0.7134139537919071, 0.9803921568627451], [0.5545015476380499, 0.9615384615384616], [0.7134139537919071, 0.9803921568627451]],-1.5
10,00cta11ctacgacta,[[0.0, 0.0], [0.5545015476380499, 0.9615384615384616], [0.5545015476380499, 0.9615384615384616], [0.5545015476380499, 0.9615384615384616]],-1.3800000000000003
24,00cta01ctacgacta,[[0.0, 0.0], [0.5545015476380499, 0.9615384615384616], [0.0, 0.0], [0.5545015476380499, 0.9615384615384616]],-1.2200000000000002
897,00caa01ctacgacta,[[0.0, 0.0], [0.5545015476380499, 0.9615384615384616], [0.0, 0.0], [0.5545015476380499, 0.9615384615384616]],-1.2200000000000002
923,10caa01ctacgacta,[[0.0, 0.0], [0.5545015476380499, 0.9615384615384616], [0.5545015476380499, 0.5545015476380499], [0.7134139537919071, 0.963295582081088]],-0.7000000000000001
930,10cga01ctacgacta,[[0.0, 0.0], [0.5545015476380499, 0.9615384615384616], [0.9615384615384616, 0.5545015476380499], [0.963295582081088, 0.963295582081088]],-0.5
936,10cga01atacgacta,[[0.0, 0.0], [0.05835275401587575, 0.5545015476380499], [0.9615384615384616, 0.5545015476380499], [0.9616299133996917, 0.7134139537919071]],-0.45000000000000007
952,10cga01atacgagta,[[0.0, 0.0], [0.05835275401587575, 0.5545015476380499], [0.9615384615384616, 0.05835275401587575], [0.9616299133996917, 0.5664700127963987]],-0.32000000000000006
959,10cga01gtacgagta,[[0.0, 0.0], [0.05835275401587575, 0.9615384615384616], [0.9615384615384616, 0.05835275401587575], [0.9616299133996917, 0.9616299133996917]],-0.0
3130,10cga01gtacgagta,[[0.0, 0.0], [0.05835275401587575, 0.9615384615384616], [0.9615384615384616, 0.05835275401587575], [0.9616299133996917, 0.9616299133996917]],-0.0
4814,10cga01gtacgagta,[[0.0, 0.0], [0.05835275401587575, 0.9615384615384616], [0.9615384615384616, 0.05835275401587575], [0.9616299133996917, 0.9616299133996917]],-0.0
4997,10cga01gtacgagta,[[0.0, 0.0], [0.05835275401587575, 0.9615384615384616], [0.9615384615384616, 0.05835275401587575], [0.9616299133996917, 0.9616299133996917]],-0.0