0,11cta11ctactacta,[[0.0, 0.0], [0.9803921568627451, 0.9803921568627451], [0.9803921568627451, 0.9803921568627451], [0.9803921568627451, 0.9803921568627451]],-1.62
4,11cta11ctactacaa,[[0.0, 0.0], [0.9803921568627451, 0.7134139537919071], [0.9803921568627451, 0.7134139537919071], [0.9803921568627451, 0.7134139537919071]],-1.3800000000000001
22,11cta01ctactacaa,[[0.0, 0.0], [0.9803921568627451, 0.7134139537919071], [0.9615384615384616, 0.5545015476380499], [0.9803921568627451, 0.7134139537919071]],-1.1400000000000001
32,11cta01ctacgacaa,[[0.0, 0.0], [0.7134139537919071, 0.7134139537919071], [0.5545015476380499, 0.5545015476380499], [0.7134139537919071, 0.7134139537919071]],-1.02
64,10cta01ctacgacaa,[[0.0, 0.0], [0.5545015476380499, 0.5545015476380499], [0.5545015476380499, 0.5545015476380499], [0.7134139537919071, 0.7134139537919071]],-0.9000000000000001
81,10cta01ctacaacaa,[[0.0, 0.0], [0.5545015476380499, 0.5545015476380499], [0.5545015476380499, 0.5545015476380499], [0.7134139537919071, 0.7134139537919071]],-0.9000000000000001
2530,10cta01ctataacaa,[[0.0, 0.0], [0.5545015476380499, 0.5545015476380499], [0.5545015476380499, 0.5545015476380499], [0.7134139537919071, 0.7134139537919071]],-0.9000000000000001
2575,10cta01caataacaa,[[0.0, 0.0], [0.5545015476380499, 0.9615384615384616], [0.5545015476380499, 0.5545015476380499], [0.7134139537919071, 0.963295582081088]],-0.7000000000000001
2582,10ata01caataacaa,[[0.0, 0.0], [0.5545015476380499, 0.9615384615384616], [0.5545015476380499, 0.05835275401587575], [0.7134139537919071, 0.9616299133996917]],-0.45000000000000007
2595,10ata01caataccaa,[[0.0, 0.0], [0.05835275401587575, 0.9615384615384616], [0.5545015476380499, 0.05835275401587575], [0.5664700127963987, 0.9616299133996917]],-0.32000000000000006
4472,10ata01caataccaa,[[0.0, 0.0], [0.05835275401587575, 0.9615384615384616], [0.5545015476380499, 0.05835275401587575], [0.5664700127963987, 0.9616299133996917]],-0.32000000000000006
4486,10ata01caataccaa,[[0.0, 0.0], [0.05835275401587575, 0.9615384615384616], [0.5545015476380499, 0.05835275401587575], [0.5664700127963987, 0.9616299133996917]],-0.32000000000000006
4688,10ata01caataccaa,[[0.0, 0.0], [0.05835275401587575, 0.9615384615384616], [0.5545015476380499, 0.05835275401587575], [0.5664700127963987, 0.9616299133996917]],-0.32000000000000006