0,11ctt11cttcttctt,[[0.0, 0.0], [0.9803921568627451, 0.9803921568627451], [0.9803921568627451, 0.9803921568627451], [0.9803921568627451, 0.9803921568627451]],-1.62
9,11ctt11cttctactt,[[0.0, 0.0], [0.7134139537919071, 0.9803921568627451], [0.7134139537919071, 0.9803921568627451], [0.7134139537919071, 0.9803921568627451]],-1.3800000000000001
11,11ctt11cttctacct,[[0.0, 0.0], [0.7134139537919071, 0.7134139537919071], [0.7134139537919071, 0.7134139537919071], [0.7134139537919071, 0.7134139537919071]],-1.14
22,11ctt01cttctacct,[[0.0, 0.0], [0.7134139537919071, 0.7134139537919071], [0.5545015476380499, 0.5545015476380499], [0.7134139537919071, 0.7134139537919071]],-1.02
29,10ctt01cttctacct,[[0.0, 0.0], [0.5545015476380499, 0.5545015476380499], [0.5545015476380499, 0.5545015476380499], [0.7134139537919071, 0.7134139537919071]],-0.9000000000000001
41,10cta01cttctacct,[[0.0, 0.0], [0.5545015476380499, 0.5545015476380499], [0.9615384615384616, 0.5545015476380499], [0.963295582081088, 0.7134139537919071]],-0.7000000000000001
47,10cta01cttctactt,[[0.0, 0.0], [0.5545015476380499, 0.9615384615384616], [0.9615384615384616, 0.5545015476380499], [0.963295582081088, 0.963295582081088]],-0.5
117,10cta01attctactt,[[0.0, 0.0], [0.05835275401587575, 0.5545015476380499], [0.9615384615384616, 0.5545015476380499], [0.9616299133996917, 0.7134139537919071]],-0.45000000000000007
180,10cta01attctaatt,[[0.0, 0.0], [0.05835275401587575, 0.9615384615384616], [0.9615384615384616, 0.05835275401587575], [0.9616299133996917, 0.9616299133996917]],-0.0
971,10cta01attctaatt,[[0.0, 0.0], [0.05835275401587575, 0.9615384615384616], [0.9615384615384616, 0.05835275401587575], [0.9616299133996917, 0.9616299133996917]],-0.0
2129,10cta01attctaatt,[[0.0, 0.0], [0.05835275401587575, 0.9615384615384616], [0.9615384615384616, 0.05835275401587575], [0.9616299133996917, 0.9616299133996917]],-0.0
2165,10cta01attctaatt,[[0.0, 0.0], [0.05835275401587575, 0.9615384615384616], [0.9615384615384616, 0.05835275401587575], [0.9616299133996917, 0.9616299133996917]],-0.0
2641,10cta01attctaatt,[[0.0, 0.0], [0.05835275401587575, 0.9615384615384616], [0.9615384615384616, 0.05835275401587575], [0.9616299133996917, 0.9616299133996917]],-0.0
3897,10cta01attctaatt,[[0.0, 0.0], [0.05835275401587575, 0.9615384615384616], [0.9615384615384616, 0.05835275401587575], [0.9616299133996917, 0.9616299133996917]],-0.0