0,11ctc11ctcctcctc,[[0.0, 0.0], [0.9803921568627451, 0.9803921568627451], [0.9803921568627451, 0.9803921568627451], [0.9803921568627451, 0.9803921568627451]],-1.62
6,11ctc11ctcctcctg,[[0.0, 0.0], [0.9803921568627451, 0.7134139537919071], [0.9803921568627451, 0.7134139537919071], [0.9803921568627451, 0.7134139537919071]],-1.3800000000000001
15,11atc11ctcctcctg,[[0.0, 0.0], [0.963295582081088, 0.5664700127963987], [0.963295582081088, 0.5664700127963987], [0.963295582081088, 0.5664700127963987]],-1.3800000000000003
28,11atc01ctcctcctg,[[0.0, 0.0], [0.963295582081088, 0.5664700127963987], [0.5545015476380499, 0.05835275401587575], [0.963295582081088, 0.5664700127963987]],-1.29
55,11atc01ctgctcctg,[[0.0, 0.0], [0.7134139537919071, 0.9616299133996917], [0.5545015476380499, 0.05835275401587575], [0.7134139537919071, 0.9616299133996917]],-0.69
65,10atc01ctgctcctg,[[0.0, 0.0], [0.5545015476380499, 0.9615384615384616], [0.5545015476380499, 0.05835275401587575], [0.7134139537919071, 0.9616299133996917]],-0.45000000000000007
218,10atc01ctgatcctg,[[0.0, 0.0], [0.05835275401587575, 0.9615384615384616], [0.9615384615384616, 0.05835275401587575], [0.9616299133996917, 0.9616299133996917]],-0.0
371,10atc01ctgatcctg,[[0.0, 0.0], [0.05835275401587575, 0.9615384615384616], [0.9615384615384616, 0.05835275401587575], [0.9616299133996917, 0.9616299133996917]],-0.0
451,10atc01ctgatcctg,[[0.0, 0.0], [0.05835275401587575, 0.9615384615384616], [0.9615384615384616, 0.05835275401587575], [0.9616299133996917, 0.9616299133996917]],-0.0
473,10atc01ctgatcctg,[[0.0, 0.0], [0.05835275401587575, 0.9615384615384616], [0.9615384615384616, 0.05835275401587575], [0.9616299133996917, 0.9616299133996917]],-0.0
1651,10atc01ctgatcctg,[[0.0, 0.0], [0.05835275401587575, 0.9615384615384616], [0.9615384615384616, 0.05835275401587575], [0.9616299133996917, 0.9616299133996917]],-0.0
2586,10atc01ctgatcctg,[[0.0, 0.0], [0.05835275401587575, 0.9615384615384616], [0.9615384615384616, 0.05835275401587575], [0.9616299133996917, 0.9616299133996917]],-0.0
2891,10atc01ctgatcctg,[[0.0, 0.0], [0.05835275401587575, 0.9615384615384616], [0.9615384615384616, 0.05835275401587575], [0.9616299133996917, 0.9616299133996917]],-0.0
4033,10atc01ctgatcctg,[[0.0, 0.0], [0.05835275401587575, 0.9615384615384616], [0.9615384615384616, 0.05835275401587575], [0.9616299133996917, 0.9616299133996917]],-0.0