0,11ctt11cttcttctt,[[0.0, 0.0], [0.9803921568627451, 0.9803921568627451], [0.9803921568627451, 0.9803921568627451], [0.9803921568627451, 0.9803921568627451]],-1.62
5,11ctt11cttctgctt,[[0.0, 0.0], [0.7134139537919071, 0.9803921568627451], [0.7134139537919071, 0.9803921568627451], [0.7134139537919071, 0.9803921568627451]],-1.3800000000000001
7,11ctt10cttctgctt,[[0.0, 0.0], [0.5545015476380499, 0.9615384615384616], [0.7134139537919071, 0.9803921568627451], [0.7134139537919071, 0.9803921568627451]],-1.1400000000000001
13,11ctt10cttctgcct,[[0.0, 0.0], [0.5545015476380499, 0.5545015476380499], [0.7134139537919071, 0.7134139537919071], [0.7134139537919071, 0.7134139537919071]],-1.02
76,11ctt10ctgctgcct,[[0.0, 0.0], [0.5545015476380499, 0.5545015476380499], [0.963295582081088, 0.7134139537919071], [0.963295582081088, 0.7134139537919071]],-0.94
86,01ctt10ctgctgcct,[[0.0, 0.0], [0.5545015476380499, 0.5545015476380499], [0.9615384615384616, 0.5545015476380499], [0.963295582081088, 0.7134139537919071]],-0.7000000000000001
209,01cct10ctgctgcct,[[0.0, 0.0], [0.5545015476380499, 0.9615384615384616], [0.9615384615384616, 0.5545015476380499], [0.963295582081088, 0.963295582081088]],-0.5
238,01ccc10ctgctgcct,[[0.0, 0.0], [0.05835275401587575, 0.5545015476380499], [0.9615384615384616, 0.5545015476380499], [0.9616299133996917, 0.7134139537919071]],-0.45000000000000007
392,01ccc10ctgctgcct,[[0.0, 0.0], [0.05835275401587575, 0.5545015476380499], [0.9615384615384616, 0.5545015476380499], [0.9616299133996917, 0.7134139537919071]],-0.45000000000000007
414,01ccc10ctgctgccc,[[0.0, 0.0], [0.05835275401587575, 0.9615384615384616], [0.9615384615384616, 0.05835275401587575], [0.9616299133996917, 0.9616299133996917]],-0.0
1416,01ccc10ctgctgccc,[[0.0, 0.0], [0.05835275401587575, 0.9615384615384616], [0.9615384615384616, 0.05835275401587575], [0.9616299133996917, 0.9616299133996917]],-0.0
1517,01ccc10ctgctgccc,[[0.0, 0.0], [0.05835275401587575, 0.9615384615384616], [0.9615384615384616, 0.05835275401587575], [0.9616299133996917, 0.9616299133996917]],-0.0
2224,01ccc10ctgctgccc,[[0.0, 0.0], [0.05835275401587575, 0.9615384615384616], [0.9615384615384616, 0.05835275401587575], [0.9616299133996917, 0.9616299133996917]],-0.0
2945,01ccc10ctgctgccc,[[0.0, 0.0], [0.05835275401587575, 0.9615384615384616], [0.9615384615384616, 0.05835275401587575], [0.9616299133996917, 0.9616299133996917]],-0.0
3714,01ccc10ctgctgccc,[[0.0, 0.0], [0.05835275401587575, 0.9615384615384616], [0.9615384615384616, 0.05835275401587575], [0.9616299133996917, 0.9616299133996917]],-0.0