0,11ctc11ctcctcctc,[[0.0, 0.0], [0.9803921568627451, 0.9803921568627451], [0.9803921568627451, 0.9803921568627451], [0.9803921568627451, 0.9803921568627451]],-1.62
17,11gtc11ctcctcctc,[[0.0, 0.0], [0.963295582081088, 0.963295582081088], [0.963295582081088, 0.963295582081088], [0.963295582081088, 0.963295582081088]],-1.62
20,11gtc01ctcctcctc,[[0.0, 0.0], [0.963295582081088, 0.963295582081088], [0.5545015476380499, 0.5545015476380499], [0.963295582081088, 0.963295582081088]],-1.2200000000000002
27,11gtc00ctcctcctc,[[0.0, 0.0], [0.5545015476380499, 0.5545015476380499], [0.5545015476380499, 0.5545015476380499], [0.5545015476380499, 0.5545015476380499]],-1.1400000000000001
34,11gtc00ctactcctc,[[0.0, 0.0], [0.5545015476380499, 0.5545015476380499], [0.5545015476380499, 0.5545015476380499], [0.5545015476380499, 0.5545015476380499]],-1.1400000000000001
38,11gtc01ctactcctc,[[0.0, 0.0], [0.7134139537919071, 0.7134139537919071], [0.5545015476380499, 0.5545015476380499], [0.7134139537919071, 0.7134139537919071]],-1.02
48,10gtc01ctactcctc,[[0.0, 0.0], [0.5545015476380499, 0.5545015476380499], [0.5545015476380499, 0.5545015476380499], [0.7134139537919071, 0.7134139537919071]],-0.9000000000000001
80,10gtc01ctactcctt,[[0.0, 0.0], [0.5545015476380499, 0.5545015476380499], [0.5545015476380499, 0.05835275401587575], [0.7134139537919071, 0.5664700127963987]],-0.7700000000000001
87,10gtc01ctattcctt,[[0.0, 0.0], [0.05835275401587575, 0.5545015476380499], [0.5545015476380499, 0.05835275401587575], [0.5664700127963987, 0.5664700127963987]],-0.6400000000000001
128,10ttc01ctattcctt,[[0.0, 0.0], [0.05835275401587575, 0.5545015476380499], [0.9615384615384616, 0.5545015476380499], [0.9616299133996917, 0.7134139537919071]],-0.45000000000000007
163,10ttc01ctattcctg,[[0.0, 0.0], [0.05835275401587575, 0.5545015476380499], [0.9615384615384616, 0.05835275401587575], [0.9616299133996917, 0.5664700127963987]],-0.32000000000000006
193,10ttc01ctattccta,[[0.0, 0.0], [0.05835275401587575, 0.9615384615384616], [0.9615384615384616, 0.05835275401587575], [0.9616299133996917, 0.9616299133996917]],-0.0
328,10ttc01ctattccta,[[0.0, 0.0], [0.05835275401587575, 0.9615384615384616], [0.9615384615384616, 0.05835275401587575], [0.9616299133996917, 0.9616299133996917]],-0.0
1211,10ttc01ctattccta,[[0.0, 0.0], [0.05835275401587575, 0.9615384615384616], [0.9615384615384616, 0.05835275401587575], [0.9616299133996917, 0.9616299133996917]],-0.0
2040,10ttc01ctattccta,[[0.0, 0.0], [0.05835275401587575, 0.9615384615384616], [0.9615384615384616, 0.05835275401587575], [0.9616299133996917, 0.9616299133996917]],-0.0
3146,10ttc01ctattccta,[[0.0, 0.0], [0.05835275401587575, 0.9615384615384616], [0.9615384615384616, 0.05835275401587575], [0.9616299133996917, 0.9616299133996917]],-0.0