0,11gat11gatgatgat,[[0.0, 0.0], [0.9803921568627451, 0.9803921568627451], [0.9803921568627451, 0.9803921568627451], [0.9803921568627451, 0.9803921568627451]],-1.62
19,11gat11gataatgat,[[0.0, 0.0], [0.7134139537919071, 0.9803921568627451], [0.7134139537919071, 0.9803921568627451], [0.7134139537919071, 0.9803921568627451]],-1.3800000000000001
38,11gat11gataatggt,[[0.0, 0.0], [0.7134139537919071, 0.7134139537919071], [0.7134139537919071, 0.7134139537919071], [0.7134139537919071, 0.7134139537919071]],-1.14
39,01gat11gataatggt,[[0.0, 0.0], [0.7134139537919071, 0.7134139537919071], [0.5545015476380499, 0.5545015476380499], [0.7134139537919071, 0.7134139537919071]],-1.02
47,01gat10gataatggt,[[0.0, 0.0], [0.5545015476380499, 0.5545015476380499], [0.5545015476380499, 0.5545015476380499], [0.7134139537919071, 0.7134139537919071]],-0.9000000000000001
105,01gct10gataatggt,[[0.0, 0.0], [0.05835275401587575, 0.5545015476380499], [0.5545015476380499, 0.5545015476380499], [0.5664700127963987, 0.7134139537919071]],-0.7700000000000001
123,01ggt10gataatggt,[[0.0, 0.0], [0.05835275401587575, 0.9615384615384616], [0.5545015476380499, 0.5545015476380499], [0.5664700127963987, 0.963295582081088]],-0.5700000000000001
204,01ggt10cataatggt,[[0.0, 0.0], [0.05835275401587575, 0.9615384615384616], [0.5545015476380499, 0.05835275401587575], [0.5664700127963987, 0.9616299133996917]],-0.32000000000000006
211,01ggt10catcatggt,[[0.0, 0.0], [0.05835275401587575, 0.9615384615384616], [0.9615384615384616, 0.05835275401587575], [0.9616299133996917, 0.9616299133996917]],-0.0
825,01ggt10catcatggt,[[0.0, 0.0], [0.05835275401587575, 0.9615384615384616], [0.9615384615384616, 0.05835275401587575], [0.9616299133996917, 0.9616299133996917]],-0.0
1209,01ggt10catcatggt,[[0.0, 0.0], [0.05835275401587575, 0.9615384615384616], [0.9615384615384616, 0.05835275401587575], [0.9616299133996917, 0.9616299133996917]],-0.0
1856,01ggt10catcatggt,[[0.0, 0.0], [0.05835275401587575, 0.9615384615384616], [0.9615384615384616, 0.05835275401587575], [0.9616299133996917, 0.9616299133996917]],-0.0
4011,01ggt10catcatggt,[[0.0, 0.0], [0.05835275401587575, 0.9615384615384616], [0.9615384615384616, 0.05835275401587575], [0.9616299133996917, 0.9616299133996917]],-0.0
4196,01ggt10catcatggt,[[0.0, 0.0], [0.05835275401587575, 0.9615384615384616], [0.9615384615384616, 0.05835275401587575], [0.9616299133996917, 0.9616299133996917]],-0.0
4468,01ggt10catcatggt,[[0.0, 0.0], [0.05835275401587575, 0.9615384615384616], [0.9615384615384616, 0.05835275401587575], [0.9616299133996917, 0.9616299133996917]],-0.0
4698,01ggt10catcatggt,[[0.0, 0.0], [0.05835275401587575, 0.9615384615384616], [0.9615384615384616, 0.05835275401587575], [0.9616299133996917, 0.9616299133996917]],-0.0