0,11gac11gacgacgac,[[0.0, 0.0], [0.9803921568627451, 0.9803921568627451], [0.9803921568627451, 0.9803921568627451], [0.9803921568627451, 0.9803921568627451]],-1.62
6,01gac11gacgacgac,[[0.0, 0.0], [0.9803921568627451, 0.9803921568627451], [0.9615384615384616, 0.9615384615384616], [0.9803921568627451, 0.9803921568627451]],-1.62
9,01gac11gacggcgac,[[0.0, 0.0], [0.7134139537919071, 0.9803921568627451], [0.5545015476380499, 0.9615384615384616], [0.7134139537919071, 0.9803921568627451]],-1.5
10,00gac11gacggcgac,[[0.0, 0.0], [0.5545015476380499, 0.9615384615384616], [0.5545015476380499, 0.9615384615384616], [0.5545015476380499, 0.9615384615384616]],-1.3800000000000003
24,00gac01gacggcgac,[[0.0, 0.0], [0.5545015476380499, 0.9615384615384616], [0.0, 0.0], [0.5545015476380499, 0.9615384615384616]],-1.2200000000000002
897,00gac01gacggcgac,[[0.0, 0.0], [0.5545015476380499, 0.9615384615384616], [0.0, 0.0], [0.5545015476380499, 0.9615384615384616]],-1.2200000000000002
3130,00gac01gacggcgac,[[0.0, 0.0], [0.5545015476380499, 0.9615384615384616], [0.0, 0.0], [0.5545015476380499, 0.9615384615384616]],-1.2200000000000002
4360,00gag01gacggcgac,[[0.0, 0.0], [0.5545015476380499, 0.9615384615384616], [0.0, 0.0], [0.5545015476380499, 0.9615384615384616]],-1.2200000000000002
4525,00gag01gacggcgac,[[0.0, 0.0], [0.5545015476380499, 0.9615384615384616], [0.0, 0.0], [0.5545015476380499, 0.9615384615384616]],-1.2200000000000002
4814,00gag01gacggcgac,[[0.0, 0.0], [0.5545015476380499, 0.9615384615384616], [0.0, 0.0], [0.5545015476380499, 0.9615384615384616]],-1.2200000000000002
4997,00cag01gacggcgac,[[0.0, 0.0], [0.5545015476380499, 0.9615384615384616], [0.0, 0.0], [0.5545015476380499, 0.9615384615384616]],-1.2200000000000002