0,11gac11gacgacgac,[[0.0, 0.0], [0.9803921568627451, 0.9803921568627451], [0.9803921568627451, 0.9803921568627451], [0.9803921568627451, 0.9803921568627451]],-1.62
2,11gac11gacgactac,[[0.0, 0.0], [0.9803921568627451, 0.7134139537919071], [0.9803921568627451, 0.7134139537919071], [0.9803921568627451, 0.7134139537919071]],-1.3800000000000001
7,11ggc11gacgactac,[[0.0, 0.0], [0.963295582081088, 0.5664700127963987], [0.963295582081088, 0.5664700127963987], [0.963295582081088, 0.5664700127963987]],-1.3800000000000003
24,11ggc11gacgagtac,[[0.0, 0.0], [0.5664700127963987, 0.5664700127963987], [0.5664700127963987, 0.5664700127963987], [0.5664700127963987, 0.5664700127963987]],-1.1400000000000001
514,10ggc11gacgagtac,[[0.0, 0.0], [0.5545015476380499, 0.5545015476380499], [0.5664700127963987, 0.5664700127963987], [0.5664700127963987, 0.5664700127963987]],-1.1400000000000001
562,10gga11gacgagtac,[[0.0, 0.0], [0.5545015476380499, 0.5545015476380499], [0.7134139537919071, 0.5664700127963987], [0.7134139537919071, 0.5664700127963987]],-0.9000000000000001
651,10gga01gacgagtac,[[0.0, 0.0], [0.5545015476380499, 0.5545015476380499], [0.5545015476380499, 0.05835275401587575], [0.7134139537919071, 0.5664700127963987]],-0.7700000000000001
705,10gga01aacgagtac,[[0.0, 0.0], [0.05835275401587575, 0.5545015476380499], [0.5545015476380499, 0.05835275401587575], [0.5664700127963987, 0.5664700127963987]],-0.6400000000000001
763,10gga01aacgagaac,[[0.0, 0.0], [0.05835275401587575, 0.9615384615384616], [0.5545015476380499, 0.05835275401587575], [0.5664700127963987, 0.9616299133996917]],-0.32000000000000006
3250,10gga01aacgagaac,[[0.0, 0.0], [0.05835275401587575, 0.9615384615384616], [0.5545015476380499, 0.05835275401587575], [0.5664700127963987, 0.9616299133996917]],-0.32000000000000006
3395,10aga01aacgagaac,[[0.0, 0.0], [0.05835275401587575, 0.9615384615384616], [0.5545015476380499, 0.05835275401587575], [0.5664700127963987, 0.9616299133996917]],-0.32000000000000006