0,11gag11gaggaggag,[[0.0, 0.0], [0.9803921568627451, 0.9803921568627451], [0.9803921568627451, 0.9803921568627451], [0.9803921568627451, 0.9803921568627451]],-1.62
4,11gag11gaggaggcg,[[0.0, 0.0], [0.9803921568627451, 0.7134139537919071], [0.9803921568627451, 0.7134139537919071], [0.9803921568627451, 0.7134139537919071]],-1.3800000000000001
10,11gag11gaggaagcg,[[0.0, 0.0], [0.7134139537919071, 0.7134139537919071], [0.7134139537919071, 0.7134139537919071], [0.7134139537919071, 0.7134139537919071]],-1.14
24,11gag11aaggaagcg,[[0.0, 0.0], [0.7134139537919071, 0.5664700127963987], [0.7134139537919071, 0.5664700127963987], [0.7134139537919071, 0.5664700127963987]],-1.1400000000000001
30,11gag10aaggaagcg,[[0.0, 0.0], [0.5545015476380499, 0.5545015476380499], [0.7134139537919071, 0.5664700127963987], [0.7134139537919071, 0.5664700127963987]],-0.9000000000000001
42,01gag10aaggaagcg,[[0.0, 0.0], [0.5545015476380499, 0.5545015476380499], [0.5545015476380499, 0.05835275401587575], [0.7134139537919071, 0.5664700127963987]],-0.7700000000000001
75,01gag10aagtaagcg,[[0.0, 0.0], [0.05835275401587575, 0.5545015476380499], [0.5545015476380499, 0.05835275401587575], [0.5664700127963987, 0.5664700127963987]],-0.6400000000000001
375,01gcg10aagtaagcg,[[0.0, 0.0], [0.0030757556421366246, 0.9615384615384616], [0.5545015476380499, 0.05835275401587575], [0.5551130322819392, 0.9616299133996917]],-0.32000000000000006
1344,01gcg10aagtaagcg,[[0.0, 0.0], [0.0030757556421366246, 0.9615384615384616], [0.5545015476380499, 0.05835275401587575], [0.5551130322819392, 0.9616299133996917]],-0.32000000000000006
1457,01gcg10aagtaagcg,[[0.0, 0.0], [0.0030757556421366246, 0.9615384615384616], [0.5545015476380499, 0.05835275401587575], [0.5551130322819392, 0.9616299133996917]],-0.32000000000000006
3626,01gcg10aagtaagcg,[[0.0, 0.0], [0.0030757556421366246, 0.9615384615384616], [0.5545015476380499, 0.05835275401587575], [0.5551130322819392, 0.9616299133996917]],-0.32000000000000006
3986,01gcg10aaggaagcg,[[0.0, 0.0], [0.05835275401587575, 0.9615384615384616], [0.5545015476380499, 0.05835275401587575], [0.5664700127963987, 0.9616299133996917]],-0.32000000000000006
4130,01gcg10aagaaagcg,[[0.0, 0.0], [0.0030757556421366246, 0.9615384615384616], [0.5545015476380499, 0.05835275401587575], [0.5551130322819392, 0.9616299133996917]],-0.32000000000000006
4316,01gcg10aagaaggcg,[[0.0, 0.0], [0.05835275401587575, 0.9615384615384616], [0.9615384615384616, 0.05835275401587575], [0.9616299133996917, 0.9616299133996917]],-0.0
4664,01gcg10aagaaggcg,[[0.0, 0.0], [0.05835275401587575, 0.9615384615384616], [0.9615384615384616, 0.05835275401587575], [0.9616299133996917, 0.9616299133996917]],-0.0
4821,01gcg10aagaaggcg,[[0.0, 0.0], [0.05835275401587575, 0.9615384615384616], [0.9615384615384616, 0.05835275401587575], [0.9616299133996917, 0.9616299133996917]],-0.0