0,11ggt11ggtggtggt,[[0.0, 0.0], [0.9803921568627451, 0.9803921568627451], [0.9803921568627451, 0.9803921568627451], [0.9803921568627451, 0.9803921568627451]],-1.62
4,11ggt11ggtggcggt,[[0.0, 0.0], [0.7134139537919071, 0.9803921568627451], [0.7134139537919071, 0.9803921568627451], [0.7134139537919071, 0.9803921568627451]],-1.3800000000000001
8,11ggt11ggtggcggg,[[0.0, 0.0], [0.7134139537919071, 0.7134139537919071], [0.7134139537919071, 0.7134139537919071], [0.7134139537919071, 0.7134139537919071]],-1.14
12,11ggt10ggtggcggg,[[0.0, 0.0], [0.5545015476380499, 0.5545015476380499], [0.7134139537919071, 0.7134139537919071], [0.7134139537919071, 0.7134139537919071]],-1.02
28,01ggt10ggtggcggg,[[0.0, 0.0], [0.5545015476380499, 0.5545015476380499], [0.5545015476380499, 0.5545015476380499], [0.7134139537919071, 0.7134139537919071]],-0.9000000000000001
228,01ggt10gctggcggg,[[0.0, 0.0], [0.5545015476380499, 0.5545015476380499], [0.5545015476380499, 0.05835275401587575], [0.7134139537919071, 0.5664700127963987]],-0.7700000000000001
239,01ggg10gctggcggg,[[0.0, 0.0], [0.5545015476380499, 0.9615384615384616], [0.5545015476380499, 0.05835275401587575], [0.7134139537919071, 0.9616299133996917]],-0.45000000000000007
346,01ggg10gctagcggg,[[0.0, 0.0], [0.05835275401587575, 0.9615384615384616], [0.5545015476380499, 0.05835275401587575], [0.5664700127963987, 0.9616299133996917]],-0.32000000000000006
1051,01ggg10gctagcggg,[[0.0, 0.0], [0.05835275401587575, 0.9615384615384616], [0.5545015476380499, 0.05835275401587575], [0.5664700127963987, 0.9616299133996917]],-0.32000000000000006
1587,01ggg10gctagcggg,[[0.0, 0.0], [0.05835275401587575, 0.9615384615384616], [0.5545015476380499, 0.05835275401587575], [0.5664700127963987, 0.9616299133996917]],-0.32000000000000006
2090,01ggg10gccagcggg,[[0.0, 0.0], [0.05835275401587575, 0.9615384615384616], [0.5545015476380499, 0.05835275401587575], [0.5664700127963987, 0.9616299133996917]],-0.32000000000000006
2707,01ggg10gccagcggg,[[0.0, 0.0], [0.05835275401587575, 0.9615384615384616], [0.5545015476380499, 0.05835275401587575], [0.5664700127963987, 0.9616299133996917]],-0.32000000000000006
4053,01ggg10gccaccggg,[[0.0, 0.0], [0.0030757556421366246, 0.9615384615384616], [0.5545015476380499, 0.05835275401587575], [0.5551130322819392, 0.9616299133996917]],-0.32000000000000006
4115,01ggg10accaccggg,[[0.0, 0.0], [0.0030757556421366246, 0.9615384615384616], [0.9615384615384616, 0.0030757556421366246], [0.9615430249689946, 0.9615430249689946]],-0.0
4705,01ggg10accaccggg,[[0.0, 0.0], [0.0030757556421366246, 0.9615384615384616], [0.9615384615384616, 0.0030757556421366246], [0.9615430249689946, 0.9615430249689946]],-0.0