0,11gta11gtagtagta,[[0.0, 0.0], [0.9803921568627451, 0.9803921568627451], [0.9803921568627451, 0.9803921568627451], [0.9803921568627451, 0.9803921568627451]],-1.62
17,11gta11gtagtagta,[[0.0, 0.0], [0.9803921568627451, 0.9803921568627451], [0.9803921568627451, 0.9803921568627451], [0.9803921568627451, 0.9803921568627451]],-1.62
27,11gta10gtagtagta,[[0.0, 0.0], [0.9615384615384616, 0.9615384615384616], [0.9803921568627451, 0.9803921568627451], [0.9803921568627451, 0.9803921568627451]],-1.62
32,11gta10gtattagta,[[0.0, 0.0], [0.5545015476380499, 0.9615384615384616], [0.7134139537919071, 0.9803921568627451], [0.7134139537919071, 0.9803921568627451]],-1.1400000000000001
34,11gta10gtattagta,[[0.0, 0.0], [0.5545015476380499, 0.9615384615384616], [0.7134139537919071, 0.9803921568627451], [0.7134139537919071, 0.9803921568627451]],-1.1400000000000001
56,11gta10ttattagta,[[0.0, 0.0], [0.5545015476380499, 0.9615384615384616], [0.963295582081088, 0.963295582081088], [0.963295582081088, 0.963295582081088]],-1.06
60,11gaa10ttattagta,[[0.0, 0.0], [0.05835275401587575, 0.5545015476380499], [0.9616299133996917, 0.7134139537919071], [0.9616299133996917, 0.7134139537919071]],-0.69
65,11gaa10ttattagca,[[0.0, 0.0], [0.05835275401587575, 0.5545015476380499], [0.9616299133996917, 0.5664700127963987], [0.9616299133996917, 0.5664700127963987]],-0.5700000000000001
78,01gaa10ttattagca,[[0.0, 0.0], [0.05835275401587575, 0.5545015476380499], [0.9615384615384616, 0.05835275401587575], [0.9616299133996917, 0.5664700127963987]],-0.32000000000000006
99,01gaa10ttattagaa,[[0.0, 0.0], [0.05835275401587575, 0.9615384615384616], [0.9615384615384616, 0.05835275401587575], [0.9616299133996917, 0.9616299133996917]],-0.0
328,01gaa10ttattagaa,[[0.0, 0.0], [0.05835275401587575, 0.9615384615384616], [0.9615384615384616, 0.05835275401587575], [0.9616299133996917, 0.9616299133996917]],-0.0
524,01gaa10ttattagaa,[[0.0, 0.0], [0.05835275401587575, 0.9615384615384616], [0.9615384615384616, 0.05835275401587575], [0.9616299133996917, 0.9616299133996917]],-0.0
1373,01gaa10ttattagaa,[[0.0, 0.0], [0.05835275401587575, 0.9615384615384616], [0.9615384615384616, 0.05835275401587575], [0.9616299133996917, 0.9616299133996917]],-0.0
3146,01gaa10ttattagaa,[[0.0, 0.0], [0.05835275401587575, 0.9615384615384616], [0.9615384615384616, 0.05835275401587575], [0.9616299133996917, 0.9616299133996917]],-0.0