0,11gtg11gtggtggtg,[[0.0, 0.0], [0.9803921568627451, 0.9803921568627451], [0.9803921568627451, 0.9803921568627451], [0.9803921568627451, 0.9803921568627451]],-1.62
3,11gtg11gtggtggta,[[0.0, 0.0], [0.9803921568627451, 0.7134139537919071], [0.9803921568627451, 0.7134139537919071], [0.9803921568627451, 0.7134139537919071]],-1.3800000000000001
4,11gtg11gtggcggta,[[0.0, 0.0], [0.7134139537919071, 0.7134139537919071], [0.7134139537919071, 0.7134139537919071], [0.7134139537919071, 0.7134139537919071]],-1.14
11,11gtg10gtggcggta,[[0.0, 0.0], [0.5545015476380499, 0.5545015476380499], [0.7134139537919071, 0.7134139537919071], [0.7134139537919071, 0.7134139537919071]],-1.02
194,11gtg10gaggcggta,[[0.0, 0.0], [0.5545015476380499, 0.5545015476380499], [0.7134139537919071, 0.5664700127963987], [0.7134139537919071, 0.5664700127963987]],-0.9000000000000001
226,01gtg10gaggcggta,[[0.0, 0.0], [0.5545015476380499, 0.5545015476380499], [0.5545015476380499, 0.05835275401587575], [0.7134139537919071, 0.5664700127963987]],-0.7700000000000001
273,01gtg10gaggaggta,[[0.0, 0.0], [0.5545015476380499, 0.5545015476380499], [0.9615384615384616, 0.05835275401587575], [0.963295582081088, 0.5664700127963987]],-0.5700000000000001
274,01gtt10gaggaggta,[[0.0, 0.0], [0.05835275401587575, 0.5545015476380499], [0.9615384615384616, 0.05835275401587575], [0.9616299133996917, 0.5664700127963987]],-0.32000000000000006
315,01gtt10gaggaggtt,[[0.0, 0.0], [0.05835275401587575, 0.9615384615384616], [0.9615384615384616, 0.05835275401587575], [0.9616299133996917, 0.9616299133996917]],-0.0
364,01gtt10gaggaggtt,[[0.0, 0.0], [0.05835275401587575, 0.9615384615384616], [0.9615384615384616, 0.05835275401587575], [0.9616299133996917, 0.9616299133996917]],-0.0
507,01gtt10gaggaggtt,[[0.0, 0.0], [0.05835275401587575, 0.9615384615384616], [0.9615384615384616, 0.05835275401587575], [0.9616299133996917, 0.9616299133996917]],-0.0
1236,01gtt10gaggaggtt,[[0.0, 0.0], [0.05835275401587575, 0.9615384615384616], [0.9615384615384616, 0.05835275401587575], [0.9616299133996917, 0.9616299133996917]],-0.0
1308,01gtt10gaggaggtt,[[0.0, 0.0], [0.05835275401587575, 0.9615384615384616], [0.9615384615384616, 0.05835275401587575], [0.9616299133996917, 0.9616299133996917]],-0.0
1511,01gtt10gaggaggtt,[[0.0, 0.0], [0.05835275401587575, 0.9615384615384616], [0.9615384615384616, 0.05835275401587575], [0.9616299133996917, 0.9616299133996917]],-0.0
2084,01gtt10gaggaggtt,[[0.0, 0.0], [0.05835275401587575, 0.9615384615384616], [0.9615384615384616, 0.05835275401587575], [0.9616299133996917, 0.9616299133996917]],-0.0
2215,01gtt10gaggaggtt,[[0.0, 0.0], [0.05835275401587575, 0.9615384615384616], [0.9615384615384616, 0.05835275401587575], [0.9616299133996917, 0.9616299133996917]],-0.0
2229,01gtt10gaggaggtt,[[0.0, 0.0], [0.05835275401587575, 0.9615384615384616], [0.9615384615384616, 0.05835275401587575], [0.9616299133996917, 0.9616299133996917]],-0.0
2635,01gtt10gaggaggtt,[[0.0, 0.0], [0.05835275401587575, 0.9615384615384616], [0.9615384615384616, 0.05835275401587575], [0.9616299133996917, 0.9616299133996917]],-0.0
3517,01gtt10gaggaggtt,[[0.0, 0.0], [0.05835275401587575, 0.9615384615384616], [0.9615384615384616, 0.05835275401587575], [0.9616299133996917, 0.9616299133996917]],-0.0
3737,01gtt10gaggaggtt,[[0.0, 0.0], [0.05835275401587575, 0.9615384615384616], [0.9615384615384616, 0.05835275401587575], [0.9616299133996917, 0.9616299133996917]],-0.0