0,11gtt11gttgttgtt,[[0.0, 0.0], [0.9803921568627451, 0.9803921568627451], [0.9803921568627451, 0.9803921568627451], [0.9803921568627451, 0.9803921568627451]],-1.62
4,11gtt11gttgtcgtt,[[0.0, 0.0], [0.7134139537919071, 0.9803921568627451], [0.7134139537919071, 0.9803921568627451], [0.7134139537919071, 0.9803921568627451]],-1.3800000000000001
8,11gtt11gttgtcgtg,[[0.0, 0.0], [0.7134139537919071, 0.7134139537919071], [0.7134139537919071, 0.7134139537919071], [0.7134139537919071, 0.7134139537919071]],-1.14
12,11gtt10gttgtcgtg,[[0.0, 0.0], [0.5545015476380499, 0.5545015476380499], [0.7134139537919071, 0.7134139537919071], [0.7134139537919071, 0.7134139537919071]],-1.02
28,01gtt10gttgtcgtg,[[0.0, 0.0], [0.5545015476380499, 0.5545015476380499], [0.5545015476380499, 0.5545015476380499], [0.7134139537919071, 0.7134139537919071]],-0.9000000000000001
239,01gtg10gttgtcgtg,[[0.0, 0.0], [0.5545015476380499, 0.9615384615384616], [0.5545015476380499, 0.5545015476380499], [0.7134139537919071, 0.963295582081088]],-0.7000000000000001
645,01gtg10gttttcgtg,[[0.0, 0.0], [0.05835275401587575, 0.9615384615384616], [0.5545015476380499, 0.5545015476380499], [0.5664700127963987, 0.963295582081088]],-0.5700000000000001
648,01gtg10cttttcgtg,[[0.0, 0.0], [0.05835275401587575, 0.9615384615384616], [0.5545015476380499, 0.05835275401587575], [0.5664700127963987, 0.9616299133996917]],-0.32000000000000006
1587,01gtg10cttttcgtg,[[0.0, 0.0], [0.05835275401587575, 0.9615384615384616], [0.5545015476380499, 0.05835275401587575], [0.5664700127963987, 0.9616299133996917]],-0.32000000000000006
2090,01gtg10ctcttcgtg,[[0.0, 0.0], [0.05835275401587575, 0.9615384615384616], [0.5545015476380499, 0.05835275401587575], [0.5664700127963987, 0.9616299133996917]],-0.32000000000000006
2217,01gtg10ctcctcgtg,[[0.0, 0.0], [0.05835275401587575, 0.9615384615384616], [0.9615384615384616, 0.05835275401587575], [0.9616299133996917, 0.9616299133996917]],-0.0
2707,01gtg10ctcctcgtg,[[0.0, 0.0], [0.05835275401587575, 0.9615384615384616], [0.9615384615384616, 0.05835275401587575], [0.9616299133996917, 0.9616299133996917]],-0.0
3744,01gtg10ctcctcgtg,[[0.0, 0.0], [0.05835275401587575, 0.9615384615384616], [0.9615384615384616, 0.05835275401587575], [0.9616299133996917, 0.9616299133996917]],-0.0
4391,01gtg10ctcctcgtg,[[0.0, 0.0], [0.05835275401587575, 0.9615384615384616], [0.9615384615384616, 0.05835275401587575], [0.9616299133996917, 0.9616299133996917]],-0.0
4705,01gtg10ctcctcgtg,[[0.0, 0.0], [0.05835275401587575, 0.9615384615384616], [0.9615384615384616, 0.05835275401587575], [0.9616299133996917, 0.9616299133996917]],-0.0
4762,01gtg10ctcctcgtg,[[0.0, 0.0], [0.05835275401587575, 0.9615384615384616], [0.9615384615384616, 0.05835275401587575], [0.9616299133996917, 0.9616299133996917]],-0.0