0,11taa11taataataa,[[0.0, 0.0], [0.9803921568627451, 0.9803921568627451], [0.9803921568627451, 0.9803921568627451], [0.9803921568627451, 0.9803921568627451]],-1.62
4,11taa11taataatca,[[0.0, 0.0], [0.9803921568627451, 0.7134139537919071], [0.9803921568627451, 0.7134139537919071], [0.9803921568627451, 0.7134139537919071]],-1.3800000000000001
24,11taa11aaataatca,[[0.0, 0.0], [0.963295582081088, 0.5664700127963987], [0.963295582081088, 0.5664700127963987], [0.963295582081088, 0.5664700127963987]],-1.3800000000000003
42,01taa11aaataatca,[[0.0, 0.0], [0.963295582081088, 0.5664700127963987], [0.5545015476380499, 0.05835275401587575], [0.963295582081088, 0.5664700127963987]],-1.29
80,01caa11aaataatca,[[0.0, 0.0], [0.7134139537919071, 0.5664700127963987], [0.5545015476380499, 0.05835275401587575], [0.7134139537919071, 0.5664700127963987]],-1.01
85,01cac11aaataatca,[[0.0, 0.0], [0.5664700127963987, 0.5664700127963987], [0.5545015476380499, 0.05835275401587575], [0.5664700127963987, 0.5664700127963987]],-0.8900000000000001
96,01cac11aaataatca,[[0.0, 0.0], [0.5664700127963987, 0.5664700127963987], [0.5545015476380499, 0.05835275401587575], [0.5664700127963987, 0.5664700127963987]],-0.8900000000000001
119,01cac10aaataatca,[[0.0, 0.0], [0.05835275401587575, 0.5545015476380499], [0.5545015476380499, 0.05835275401587575], [0.5664700127963987, 0.5664700127963987]],-0.6400000000000001
195,01cac10aaaaaatca,[[0.0, 0.0], [0.05835275401587575, 0.5545015476380499], [0.9615384615384616, 0.05835275401587575], [0.9616299133996917, 0.5664700127963987]],-0.32000000000000006
657,01cac10aaaaaatca,[[0.0, 0.0], [0.05835275401587575, 0.5545015476380499], [0.9615384615384616, 0.05835275401587575], [0.9616299133996917, 0.5664700127963987]],-0.32000000000000006
1457,01cac10aaaaaatca,[[0.0, 0.0], [0.05835275401587575, 0.5545015476380499], [0.9615384615384616, 0.05835275401587575], [0.9616299133996917, 0.5664700127963987]],-0.32000000000000006
3527,01cac10aaaaaatca,[[0.0, 0.0], [0.05835275401587575, 0.5545015476380499], [0.9615384615384616, 0.05835275401587575], [0.9616299133996917, 0.5664700127963987]],-0.32000000000000006
3626,01cac10aaaaaatca,[[0.0, 0.0], [0.05835275401587575, 0.5545015476380499], [0.9615384615384616, 0.05835275401587575], [0.9616299133996917, 0.5664700127963987]],-0.32000000000000006
4130,01cac10aaaaaatca,[[0.0, 0.0], [0.05835275401587575, 0.5545015476380499], [0.9615384615384616, 0.05835275401587575], [0.9616299133996917, 0.5664700127963987]],-0.32000000000000006
4664,01cac10aaaaaatca,[[0.0, 0.0], [0.05835275401587575, 0.5545015476380499], [0.9615384615384616, 0.05835275401587575], [0.9616299133996917, 0.5664700127963987]],-0.32000000000000006
4821,01cac10aaaaaagca,[[0.0, 0.0], [0.05835275401587575, 0.5545015476380499], [0.9615384615384616, 0.05835275401587575], [0.9616299133996917, 0.5664700127963987]],-0.32000000000000006