0,11tcg11tcgtcgtcg,[[0.0, 0.0], [0.9803921568627451, 0.9803921568627451], [0.9803921568627451, 0.9803921568627451], [0.9803921568627451, 0.9803921568627451]],-1.62
3,11tcg11tcgtcctcg,[[0.0, 0.0], [0.7134139537919071, 0.9803921568627451], [0.7134139537919071, 0.9803921568627451], [0.7134139537919071, 0.9803921568627451]],-1.3800000000000001
7,11tgg11tcgtcctcg,[[0.0, 0.0], [0.5664700127963987, 0.963295582081088], [0.5664700127963987, 0.963295582081088], [0.5664700127963987, 0.963295582081088]],-1.3800000000000003
43,11tgg10tcgtcctcg,[[0.0, 0.0], [0.05835275401587575, 0.5545015476380499], [0.5664700127963987, 0.963295582081088], [0.5664700127963987, 0.963295582081088]],-1.29
54,11tgg10tcatcctcg,[[0.0, 0.0], [0.05835275401587575, 0.5545015476380499], [0.5664700127963987, 0.7134139537919071], [0.5664700127963987, 0.7134139537919071]],-1.01
82,11tgg10tcatcctag,[[0.0, 0.0], [0.05835275401587575, 0.5545015476380499], [0.5664700127963987, 0.5664700127963987], [0.5664700127963987, 0.5664700127963987]],-0.8900000000000001
88,11tgg10tcctcctag,[[0.0, 0.0], [0.05835275401587575, 0.5545015476380499], [0.9616299133996917, 0.5664700127963987], [0.9616299133996917, 0.5664700127963987]],-0.5700000000000001
92,01tgg10tcctcctag,[[0.0, 0.0], [0.05835275401587575, 0.5545015476380499], [0.9615384615384616, 0.05835275401587575], [0.9616299133996917, 0.5664700127963987]],-0.32000000000000006
115,01tgg10tcctcctgg,[[0.0, 0.0], [0.05835275401587575, 0.9615384615384616], [0.9615384615384616, 0.05835275401587575], [0.9616299133996917, 0.9616299133996917]],-0.0
1079,01tgg10tcctcctgg,[[0.0, 0.0], [0.05835275401587575, 0.9615384615384616], [0.9615384615384616, 0.05835275401587575], [0.9616299133996917, 0.9616299133996917]],-0.0
1312,01tgg10tcctcctgg,[[0.0, 0.0], [0.05835275401587575, 0.9615384615384616], [0.9615384615384616, 0.05835275401587575], [0.9616299133996917, 0.9616299133996917]],-0.0
2565,01tgg10tcctcctgg,[[0.0, 0.0], [0.05835275401587575, 0.9615384615384616], [0.9615384615384616, 0.05835275401587575], [0.9616299133996917, 0.9616299133996917]],-0.0
2761,01tgg10tcctcctgg,[[0.0, 0.0], [0.05835275401587575, 0.9615384615384616], [0.9615384615384616, 0.05835275401587575], [0.9616299133996917, 0.9616299133996917]],-0.0