0,11tgt11tgttgttgt,[[0.0, 0.0], [0.9803921568627451, 0.9803921568627451], [0.9803921568627451, 0.9803921568627451], [0.9803921568627451, 0.9803921568627451]],-1.62
17,11ggt11tgttgttgt,[[0.0, 0.0], [0.963295582081088, 0.963295582081088], [0.963295582081088, 0.963295582081088], [0.963295582081088, 0.963295582081088]],-1.62
20,11ggt01tgttgttgt,[[0.0, 0.0], [0.963295582081088, 0.963295582081088], [0.5545015476380499, 0.5545015476380499], [0.963295582081088, 0.963295582081088]],-1.2200000000000002
27,11ggt00tgttgttgt,[[0.0, 0.0], [0.5545015476380499, 0.5545015476380499], [0.5545015476380499, 0.5545015476380499], [0.5545015476380499, 0.5545015476380499]],-1.1400000000000001
34,11ggt00tgatgttgt,[[0.0, 0.0], [0.5545015476380499, 0.5545015476380499], [0.5545015476380499, 0.5545015476380499], [0.5545015476380499, 0.5545015476380499]],-1.1400000000000001
38,11ggt01tgatgttgt,[[0.0, 0.0], [0.7134139537919071, 0.7134139537919071], [0.5545015476380499, 0.5545015476380499], [0.7134139537919071, 0.7134139537919071]],-1.02
48,10ggt01tgatgttgt,[[0.0, 0.0], [0.5545015476380499, 0.5545015476380499], [0.5545015476380499, 0.5545015476380499], [0.7134139537919071, 0.7134139537919071]],-0.9000000000000001
183,10ggt01tgaggttgt,[[0.0, 0.0], [0.05835275401587575, 0.5545015476380499], [0.9615384615384616, 0.5545015476380499], [0.9616299133996917, 0.7134139537919071]],-0.45000000000000007
193,10ggt01tgaggttga,[[0.0, 0.0], [0.05835275401587575, 0.9615384615384616], [0.9615384615384616, 0.05835275401587575], [0.9616299133996917, 0.9616299133996917]],-0.0
1373,10ggt01tgaggttga,[[0.0, 0.0], [0.05835275401587575, 0.9615384615384616], [0.9615384615384616, 0.05835275401587575], [0.9616299133996917, 0.9616299133996917]],-0.0
1731,10ggt01tgaggttga,[[0.0, 0.0], [0.05835275401587575, 0.9615384615384616], [0.9615384615384616, 0.05835275401587575], [0.9616299133996917, 0.9616299133996917]],-0.0
4971,10ggt01tgaggttga,[[0.0, 0.0], [0.05835275401587575, 0.9615384615384616], [0.9615384615384616, 0.05835275401587575], [0.9616299133996917, 0.9616299133996917]],-0.0