0,11tgc11tgctgctgc,[[0.0, 0.0], [0.9803921568627451, 0.9803921568627451], [0.9803921568627451, 0.9803921568627451], [0.9803921568627451, 0.9803921568627451]],-1.62
24,11tgc11tgctgctgt,[[0.0, 0.0], [0.9803921568627451, 0.7134139537919071], [0.9803921568627451, 0.7134139537919071], [0.9803921568627451, 0.7134139537919071]],-1.3800000000000001
34,11tgc01tgctgctgt,[[0.0, 0.0], [0.9803921568627451, 0.7134139537919071], [0.9615384615384616, 0.5545015476380499], [0.9803921568627451, 0.7134139537919071]],-1.1400000000000001
43,11tgc01tgccgctgt,[[0.0, 0.0], [0.7134139537919071, 0.7134139537919071], [0.5545015476380499, 0.5545015476380499], [0.7134139537919071, 0.7134139537919071]],-1.02
99,11tgc01tggcgctgt,[[0.0, 0.0], [0.5664700127963987, 0.7134139537919071], [0.5545015476380499, 0.5545015476380499], [0.5664700127963987, 0.7134139537919071]],-0.9000000000000001
104,10tgc01tggcgctgt,[[0.0, 0.0], [0.05835275401587575, 0.5545015476380499], [0.5545015476380499, 0.5545015476380499], [0.5664700127963987, 0.7134139537919071]],-0.7700000000000001
119,10tgc01tgtcgctgt,[[0.0, 0.0], [0.05835275401587575, 0.9615384615384616], [0.5545015476380499, 0.5545015476380499], [0.5664700127963987, 0.963295582081088]],-0.5700000000000001
169,10ggc01tgtcgctgt,[[0.0, 0.0], [0.05835275401587575, 0.9615384615384616], [0.5545015476380499, 0.05835275401587575], [0.5664700127963987, 0.9616299133996917]],-0.32000000000000006
295,10cgc01tgtcgctgt,[[0.0, 0.0], [0.05835275401587575, 0.9615384615384616], [0.9615384615384616, 0.05835275401587575], [0.9616299133996917, 0.9616299133996917]],-0.0
1782,10cgc01tgtcgctgt,[[0.0, 0.0], [0.05835275401587575, 0.9615384615384616], [0.9615384615384616, 0.05835275401587575], [0.9616299133996917, 0.9616299133996917]],-0.0
3435,10cgc01tgtcgctgt,[[0.0, 0.0], [0.05835275401587575, 0.9615384615384616], [0.9615384615384616, 0.05835275401587575], [0.9616299133996917, 0.9616299133996917]],-0.0
3854,10cgc01tgtcgctgt,[[0.0, 0.0], [0.05835275401587575, 0.9615384615384616], [0.9615384615384616, 0.05835275401587575], [0.9616299133996917, 0.9616299133996917]],-0.0